1.218868319017725410e+00
-2.588579567174805085e+00
6.100796022160104748e+00
8.302804821269031521e+00
-1.947792035855230530e+00
1.801923944338472694e+00
8.484043580442468979e+00
7.452700264407297936e+00
9.160284929946232779e+00
6.079036581647047299e+00
1.302297066203305853e+01
1.238519164158993924e+01
9.072583693972601893e+00
1.263579292665811593e+01
9.123453716600218755e+00
2.780631614142945462e+00
6.528815793170128501e+00
-3.715694916648937252e-02
6.004057025861539998e+00
9.690871466451377314e-01
-8.668692280111726101e-01
-4.085464290082164496e+00
2.389479442061201553e+00
-4.133011132817490108e+00
-6.093357985786067132e+00
-6.486063580488492519e+00
-3.465661358744899889e+00
-4.464353221227951529e+00
-4.420706029454728458e+00
-4.314774247303548194e+00
2.728756455024181626e+00
-7.114238584166698409e+00
-7.061256958119058069e+00
-7.689482337617624452e+00
-1.318808935548946515e+00
1.429478339324484537e+00
-2.830505944097881255e+00
-5.036576539304333799e+00
-4.314325308706099982e+00
2.183002626039638905e+00
3.068671025948898734e+00
2.686274206001441289e+00
-1.837447549730120588e+00
1.952297321679643094e+00
1.578092919476798972e+00
1.968124131950915068e+00
4.465944051333611498e+00
1.681123825456575460e+00
3.246972500600185718e+00
5.054398361061047673e-01
1.077605393726205563e+00
2.138240604228569985e+00
-6.494126301598265094e+00
-2.171137838835444533e+00
-2.929352433033129977e+00
-3.670531369619358220e+00
-2.181753135989278114e+00
5.041567354939457957e+00
-4.146257320087640252e+00
3.555581518874945779e+00
-6.580922916753078944e+00
-6.307866158695851766e-01
1.990749097052031624e+00
4.366904445857754169e+00
5.575587521048060324e+00
6.611699847452285894e+00
2.721076952908920710e+00
2.884935730326625869e+00
8.696694589045879553e+00
4.915335441763667212e+00
8.550433812993887273e-01
1.543436252590667301e+00
2.344016382851909608e+00
7.772547602745015993e+00
5.928959170212990237e+00
7.512614698494977539e+00
2.258394917913478572e+00
3.659186678417270855e+00
4.447443478616563084e+00
-4.828877295852471718e-01
1.311921897347693822e+00
-4.476450895173039513e+00
-4.600654529897674649e+00
-5.962080999753800903e+00
-1.043296290684611805e+01
-4.805966682647840216e+00
-9.589967958040382712e+00
-8.443293489526556783e+00
-7.146551238916030613e+00
-7.633726114272336716e+00
-6.867871750298717437e+00
-9.784447679351373495e+00
-1.069602543321673238e+01
-8.692476649798162924e+00
-1.426673022762377485e+01
-1.224418473748067271e+01
-1.050730499250956385e+01
-7.822073265811861020e+00
-7.442375716399169949e-01
-4.410343416977847042e+00
-7.242230206199939957e-01
7.540247669677913045e+00
2.408030071160219165e+00
8.166568816960289467e+00
2.721264127748826311e+00
6.695642260321121420e+00
4.573515586530236376e+00
7.646699881437864832e+00
1.275173829114326018e+01
2.620130493420471218e+00
1.115754539257554612e+01
1.002048028386878187e+01
6.116670141650134340e+00
1.928127179675676039e+00
7.042374636645633679e+00
3.531633488234747098e+00
5.365834269179309501e+00
3.235847725731168634e+00
8.235862696190107357e+00
-4.422434570101486662e-01
-4.848488399783164482e+00
-1.227979362921938655e+00
-2.145041178223341394e+00
1.469344797702134553e+00
-1.410228298565595839e+00
-3.931771989332695671e+00
6.930693834829515509e-02
-1.077687774414975763e+01
-8.635591239603581215e+00
-9.664092440273178042e+00
-7.239791953913193190e+00
-1.077153565424249848e+01
-2.193739113727290579e+00
-5.004868030297777715e+00
-9.321536084663225807e+00
-6.792997526706796130e+00
-7.679597306198635565e-01
2.012769434945516078e+00
7.278170062693627429e+00
1.150489369431918085e+01
1.975169632594962144e+00
-3.275219622812798992e+00
-7.589987232927111194e+00
2.152029980457888403e+00
-2.136744404595303237e+00
-6.135672248567920484e-01
-1.555934222832989544e+00
1.023394765100518189e-01
4.650833222276164136e+00
7.070664708151206401e-01
-8.696629063052939701e-01
-4.673933259615850488e+00
-7.485473409175277482e+00
-2.925460575834170740e+00
-1.308499948308148308e+00
5.960369971405643952e+00
-5.025539435212152961e-01
3.106366764667572777e+00
-2.510839526937272304e+00
-4.835429406803228858e+00
-3.441098523670319320e+00
-1.884503812201866690e+00
1.018982956119487504e+01
-9.108306034191691047e-01
6.440367646504461696e+00
1.710179135028231379e-01
8.160683476123086422e+00
6.552089906256348684e+00
4.862026927995860781e+00
5.674783843915938597e+00
3.418907477617524560e+00
7.855925281767005330e+00
4.106195557321140832e+00
6.924750458892932059e-01
-3.422091874289545643e-02
5.070398368022113189e+00
9.831258230184008795e+00
3.140652366928681438e+00
8.871928080268909333e-01
1.270724332240315224e+00
4.055216176237157910e+00
-1.612725815177022293e+00
-5.442082377484446454e+00
-6.286578166005698520e-01
-4.502775711829441363e+00
-1.110392379608068580e+00
-7.393890349898364356e+00
-1.370633703060971698e+01
-1.474666069685681435e+01
-2.901667033656750938e+00
-2.596549408808181525e+00
-9.945566413093784419e+00
-1.025041991832558352e+01
-2.126904798804536867e+00
-1.143882469996171025e+01
-9.435256794583429141e+00
-1.967238776948001977e+00
-4.677411730372646126e+00
-1.591844324667483601e+00
-6.537715940980625140e-01
